[gd_scene load_steps=9 format=3 uid="uid://2xng5iqxysgp"]

[ext_resource type="Script" path="res://content/main/main.gd" id="1_55rk4"]
[ext_resource type="PackedScene" uid="uid://b30w6tywfj4fp" path="res://addons/mars-ui/content/system/controller_left/controller_left.tscn" id="2_5cg1x"]
[ext_resource type="PackedScene" uid="uid://biu66ihmvmku3" path="res://addons/mars-ui/content/system/controller_right/controller_right.tscn" id="3_8bjds"]
[ext_resource type="Environment" uid="uid://kvhlukn86wek" path="res://addons/mars-ui/assets/environment_passthrough.tres" id="5_rett8"]
[ext_resource type="PackedScene" uid="uid://31h07126r0qd" path="res://content/main/menu/menu_main.tscn" id="6_tomhs"]
[ext_resource type="PackedScene" uid="uid://cowk1sb5rws3a" path="res://content/simulation/mars_sim.tscn" id="7_2w4lq"]
[ext_resource type="PackedScene" uid="uid://ctltchlf2j2r4" path="res://addons/xr-simulator/XRSimulator.tscn" id="7_omfkv"]
[ext_resource type="PackedScene" uid="uid://dkfi865sp5164" path="res://addons/mars-ui/content/ui/components/info_nodes/info_node_screen_spawner/info_node_screen_spawner.tscn" id="8_wkg0o"]

[node name="Main" type="Node3D"]
script = ExtResource("1_55rk4")

[node name="XROrigin3D" type="XROrigin3D" parent="."]

[node name="XRCamera3D" type="XRCamera3D" parent="XROrigin3D"]
transform = Transform3D(1, 0, 0, 0, 1, 0, 0, 0, 1, 0, 1.3, 0)
current = true

[node name="XRControllerLeft" parent="XROrigin3D" instance=ExtResource("2_5cg1x")]
transform = Transform3D(1, 0, 0, 0, 1, 0, 0, 0, 1, -0.3, 1, 0)

[node name="XRControllerRight" parent="XROrigin3D" instance=ExtResource("3_8bjds")]
transform = Transform3D(1, 0, 0, 0, 1, 0, 0, 0, 1, 0.4, 1, 0)

[node name="DirectionalLight3D" type="DirectionalLight3D" parent="."]
transform = Transform3D(1, 0.000440091, -0.000161113, -0.000439484, 0.999993, 0.00374974, 0.000162764, -0.00374966, 0.999993, 0.12413, 1.59506, 2.54726)

[node name="WorldEnvironment" type="WorldEnvironment" parent="."]
environment = ExtResource("5_rett8")

[node name="XRSimulator" parent="." instance=ExtResource("7_omfkv")]

[node name="MarsSim" parent="." instance=ExtResource("7_2w4lq")]
unique_name_in_owner = true
transform = Transform3D(0.999999, -0.00112215, 0.000132503, 0.00112217, 0.999999, -0.000101021, -0.000132388, 0.000101173, 1, 0, 1.39895, -2.51573)

[node name="MainMenu" parent="." instance=ExtResource("6_tomhs")]
unique_name_in_owner = true
transform = Transform3D(0.636078, 0, 0.771625, 0, 1, 0, -0.771625, 0, 0.636078, -0.353, 1.25, -0.405)

[node name="InfoNodeScreenSpawner" parent="." instance=ExtResource("8_wkg0o")]
unique_name_in_owner = true
transform = Transform3D(0.681998, 0, -0.731354, 0, 1, 0, 0.731354, 0, 0.681998, 0.428, 1.25, -0.406)
